155764 10000 100000 139142 203235
139955 8
141250 28
142472 160
143728 571
144989 1371
146257 2660
147508 4277
148783 5859
150050 7296
151314 8220
152583 8619
153872 8679
155146 8077
156415 7457
157706 6596
158982 5786
160262 4999
161541 4205
162820 3308
164105 2650
165392 2226
166656 1592
167944 1287
169215 1000
170512 771
171796 559
173095 480
174312 316
175628 239
176943 190
178210 134
179508 100
180622 85
182121 60
183264 36
184672 30
185933 19
187141 16
188471 9
189718 8
191049 6
192342 3
193726 2
195041 4
196251 1
197427 0
198708 0
199989 0
201270 0
202551 0
